1713256829385 126.70610737800598 0
1713256831801 113.07057896256447 0
1713256833633 90.34947311878204 0
1713256835854 100.06821796298027 0
1713256837675 91.04638233780861 0
1713256839467 90.15084657073021 0
1713256841690 91.86902587115765 0
1713256843892 87.23942574858665 0
1713256845743 84.9688319414854 0
1713256847570 85.91185539960861 0
1713256849350 85.58346870541573 0
1713256850867 82.5827436298132 0
1713256852733 85.52752780914307 0
1713256854128 80.88912233710289 0
1713256855957 80.03892795741558 0
1713256857473 81.96094352006912 0
1713256858900 76.57517936825752 0
1713256860306 78.72759014368057 0
1713256861820 79.26343284547329 0
1713256863351 77.002385571599 0
1713256864817 77.51359477639198 0
1713256866207 73.07111948728561 0
1713256867320 74.55706289410591 0
1713256869118 70.3758210092783 0
1713256870658 68.44695217907429 0
1713256872046 72.11470785737038 0
1713256873569 68.84227839112282 0
1713256875376 58.765353478491306 0
1713256876757 62.99302802979946 0
1713256878293 57.984528698027134 0
1713256879829 60.63687211275101 0
1713256880950 56.28192010521889 0
1713256882060 54.85762333869934 0
1713256883868 53.90083363652229 0
1713256885348 55.52181597054005 0
1713256886792 50.55456196516752 0
1713256888310 45.7502788156271 0
1713256889423 47.60333763062954 0
1713256890863 50.28732208907604 0
1713256891989 43.26954350806773 0
1713256893530 45.56826867163181 0
1713256894955 45.94222128391266 0
1713256896776 43.450026363134384 0
1713256898164 42.09755774587393 0
1713256899277 41.89575710892677 0
1713256900397 40.192866802215576 0
1713256901921 42.13365864753723 0
1713256903052 36.94869918376207 0
1713256904166 39.0768468528986 0
1713256906012 37.43453308194876 0
1713256907136 41.435167372226715 0
1713256908531 32.466234125196934 0
1713256909637 36.51295583695173 0
1713256911033 35.53579796850681 0
1713256912430 32.67375371605158 0
1713256913548 37.541355453431606 0
1713256914668 28.8630408346653 0
1713256915790 34.024796810001135 0
1713256917197 34.780614625662565 0
1713256919002 32.180634178221226 0
1713256920141 35.64539338648319 0
1713256921965 33.37567865103483 0
1713256923092 32.72674656659365 0
1713256924220 32.90510740876198 0
1713256925341 33.307830691337585 0
1713256926471 31.611469864845276 0
1713256927602 30.519370663911104 0
1713256928723 34.06939732283354 0
1713256929843 30.697889901697636 0
1713256930965 28.154881939291954 0
1713256932481 28.147250927984715 0
1713256933602 28.236564304679632 0
1713256934719 32.582273717969656 0
1713256935847 34.732605293393135 0
1713256936967 34.23907936364412 0
1713256938083 27.286311767995358 0
1713256939204 28.387672014534473 0
1713256940326 28.989014506340027 0
1713256941451 26.338650405406952 0
1713256942574 27.602511424571276 0
1713256943711 33.29964005574584 0
1713256945234 27.84511550143361 0
1713256946362 31.31306341290474 0
1713256947476 26.48891549743712 0
1713256948639 29.563399001955986 0
1713256949759 28.746807426214218 0
1713256950871 25.239813167601824 0
1713256951989 34.06600018590689 0
1713256953112 22.751574873924255 0
1713256954224 27.88820395618677 0
1713256955340 32.013485837727785 0
1713256956456 26.367015566676855 0
1713256957570 27.500527873635292 0
1713256958696 28.366715975105762 0
1713256959823 27.017476297914982 0
1713256960946 25.81703243777156 0
1713256962064 25.9269781075418 0
1713256963609 26.724538199603558 0
1713256964735 31.039986573159695 0
1713256965879 35.36862587928772 0
1713256967293 30.29758121073246 0
1713256968411 24.811205632984638 0
1713256969530 25.13080269470811 0
1713256970643 26.493020463734865 0
1713256971767 28.286151207983494 0
1713256972895 27.17846292257309 0
1713256974023 29.709346309304237 0
1713256975148 24.285715468227863 0
1713256976316 29.00305668078363 0
1713256977435 26.29259943217039 0
1713256978545 21.83763923123479 0
1713256979683 25.501117762178183 0
1713256980838 23.018708400428295 0
1713256981955 25.430866275914013 0
1713256983071 24.4781436547637 0
1713256984187 22.953548029065132 0
1713256985312 25.56321907043457 0
1713256986423 21.9461039416492 0
1713256987540 24.89532969146967 0
1713256988672 32.774818167090416 0
1713256989805 25.83304961770773 0
1713256990916 19.01568878442049 0
1713256992047 24.999094784259796 0
1713256993177 22.903672691434622 0
1713256994299 26.462948016822338 0
1713256995436 28.76462695002556 0
1713256996559 27.24839147925377 0
1713256997683 25.946627233177423 0
1713256998803 23.638217628002167 0
1713256999920 22.668324563652277 0
1713257001053 25.42929906025529 0
1713257002180 24.771889504045248 0
1713257003710 31.086694341152906 0
1713257004848 25.218924559652805 0
1713257005960 20.144726306200027 0
1713257007079 21.777361642569304 0
1713257008189 24.26690337061882 0
1713257009306 26.270501729100943 0
1713257010433 27.58224818110466 0
1713257011544 21.773706052452326 0
1713257012680 22.699015524238348 0
1713257013816 28.5073389261961 0
1713257014965 27.021423008292913 0
1713257016498 30.812096629291773 0
1713257017621 23.29306234791875 0
1713257018755 20.107214126735926 0
1713257019877 22.039502762258053 0
1713257020995 27.258321966975927 0
1713257022121 28.605271752923727 0
1713257023255 19.33923614770174 0
1713257024377 20.915672045201063 0
1713257025510 22.5049062743783 0
1713257026643 24.032032400369644 0
